                Reference	             Correct	               Found
               checksum_1	              763840	              763840
               checksum_2	               21700	               21700
               checksum_3	               30256	               30256
               checksum_4	               26846	               26846

620 604 608 612 616 620 624 628 632 636 640 644 648 652 656 660 664 668 672 676 680 684 688 692 696 700 704 708 712 716 720 724 
605 621 613 617 621 625 629 633 637 641 645 649 653 657 661 665 669 673 677 681 685 689 693 697 701 705 709 713 717 721 725 729 
610 614 624 622 626 630 634 638 642 646 650 654 658 662 666 670 674 678 682 686 690 694 698 702 706 710 714 718 722 726 730 734 
615 619 623 629 631 635 639 643 647 651 655 659 663 667 671 675 679 683 687 691 695 699 703 707 711 715 719 723 727 731 735 739 
620 624 628 632 636 640 644 648 652 656 660 664 668 672 676 680 684 688 692 696 700 704 708 712 716 720 724 728 732 736 740 744 
625 629 633 637 641 645 649 653 657 661 665 669 673 677 681 685 689 693 697 701 705 709 713 717 721 725 729 733 737 741 745 749 
630 634 638 642 646 650 656 658 662 666 670 674 678 682 686 690 694 698 702 706 710 714 718 722 726 730 734 738 742 746 750 754 
635 639 643 647 651 655 659 669 667 671 675 679 683 687 691 695 699 703 707 711 715 719 723 727 731 735 739 743 747 751 755 759 
640 644 648 652 656 660 664 668 684 676 680 684 688 692 696 700 704 708 712 716 720 724 728 732 736 740 744 748 752 756 760 764 
645 649 653 657 661 665 669 673 677 701 685 689 693 697 701 705 709 713 717 721 725 729 733 737 741 745 749 753 757 761 765 769 
650 654 658 662 666 670 674 678 682 686 720 694 698 702 706 710 714 718 722 726 730 734 738 742 746 750 754 758 762 766 770 774 
655 659 663 667 671 675 679 683 687 691 695 741 703 707 711 715 719 723 727 731 735 739 743 747 751 755 759 763 767 771 775 779 
660 664 668 672 676 680 684 688 692 696 700 704 764 712 716 720 724 728 732 736 740 744 748 752 756 760 764 768 772 776 780 784 
665 669 673 677 681 685 689 693 697 701 705 709 713 789 721 725 729 733 737 741 745 749 753 757 761 765 769 773 777 781 785 789 
670 674 678 682 686 690 694 698 702 706 710 714 718 722 816 730 734 738 742 746 750 754 758 762 766 770 774 778 782 786 790 794 
675 679 683 687 691 695 699 703 707 711 715 719 723 727 731 845 739 743 747 751 755 759 763 767 771 775 779 783 787 791 795 799 
680 684 688 692 696 700 704 708 712 716 720 724 728 732 736 740 876 748 752 756 760 764 768 772 776 780 784 788 792 796 800 804 
685 689 693 697 701 705 709 713 717 721 725 729 733 737 741 745 749 909 757 761 765 769 773 777 781 785 789 793 797 801 805 809 
690 694 698 702 706 710 714 718 722 726 730 734 738 742 746 750 754 758 944 766 770 774 778 782 786 790 794 798 802 806 810 814 
695 699 703 707 711 715 719 723 727 731 735 739 743 747 751 755 759 763 767 981 775 779 783 787 791 795 799 803 807 811 815 819 
700 704 708 712 716 720 724 728 732 736 740 744 748 752 756 760 764 768 772 776 1020 784 788 792 796 800 804 808 812 816 820 824 
705 709 713 717 721 725 729 733 737 741 745 749 753 757 761 765 769 773 777 781 785 1061 793 797 801 805 809 813 817 821 825 829 
710 714 718 722 726 730 734 738 742 746 750 754 758 762 766 770 774 778 782 786 790 794 1104 802 806 810 814 818 822 826 830 834 
715 719 723 727 731 735 739 743 747 751 755 759 763 767 771 775 779 783 787 791 795 799 803 1149 811 815 819 823 827 831 835 839 
720 724 728 732 736 740 744 748 752 756 760 764 768 772 776 780 784 788 792 796 800 804 808 812 1196 820 824 828 832 836 840 844 
725 729 733 737 741 745 749 753 757 761 765 769 773 777 781 785 789 793 797 801 805 809 813 817 821 1245 829 833 837 841 845 849 
730 734 738 742 746 750 754 758 762 766 770 774 778 782 786 790 794 798 802 806 810 814 818 822 826 830 1296 838 842 846 850 854 
735 739 743 747 751 755 759 763 767 771 775 779 783 787 791 795 799 803 807 811 815 819 823 827 831 835 839 1349 847 851 855 859 
740 744 748 752 756 760 764 768 772 776 780 784 788 792 796 800 804 808 812 816 820 824 828 832 836 840 844 848 1404 856 860 864 
745 749 753 757 761 765 769 773 777 781 785 789 793 797 801 805 809 813 817 821 825 829 833 837 841 845 849 853 857 1461 865 869 
750 754 758 762 766 770 774 778 782 786 790 794 798 802 806 810 814 818 822 826 830 834 838 842 846 850 854 858 862 866 1520 874 
755 759 763 767 771 775 779 783 787 791 795 799 803 807 811 815 819 823 827 831 835 839 843 847 851 855 859 863 867 871 875 1581 
